49 55 55 55 55 55 55 55 55 55 55 55 51
54 29 31 53 53 61 61 61 53 53 37 39 56
54 30 32 53 53 61 41 61 53 53 38 40 56
54 53 53 53 53 61 42 61 53 53 53 53 56
54 53 53 53 53 61 43 61 53 53 53 53 56
54 61 61 61 61 61 44 61 61 61 61 61 56
54 61 41 42 43 44 53 44 43 42 41 61 56
54 61 61 61 61 61 44 61 61 61 61 61 56
54 53 53 53 53 61 43 61 53 53 53 53 56
54 53 53 53 53 61 42 61 53 53 53 53 56
54 33 35 53 53 61 41 61 53 53 45 47 56
54 34 36 53 53 61 61 61 53 53 46 48 56
50 57 57 57 57 57 57 57 57 57 57 57 52